N = 10000
Estimation of pi: 3.171200
Err%: 0.942431
