N = 100
Estimation of pi: 3.120000
Err%: -0.687316
