N = 1000000000
Estimation of pi: 3.141604
Err%: 0.000349
