N = 1000
Estimation of pi: 3.132000
Err%: -0.305344
