N = 10000000
Estimation of pi: 3.141130
Err%: -0.014727
