N = 10
Estimation of pi: 3.200000
Err%: 1.859164
