N = 100000000
Estimation of pi: 3.141698
Err%: 0.003351
