N = 100000
Estimation of pi: 3.141520
Err%: -0.002313
