N = 1000000
Estimation of pi: 3.141664
Err%: 0.002271
